[37259.058871] [Project1] 2973 1587877295.701323758 1587877296.394532646
[37260.463629] [Project1] 2974 1587877297.115450686 1587877297.799256991
[37261.863905] [Project1] 2975 1587877298.529455490 1587877299.199501166
[37263.278284] [Project1] 2976 1587877299.942101239 1587877300.613847437
[37264.674178] [Project1] 2977 1587877301.344509144 1587877302.009712052
[37266.096578] [Project1] 2978 1587877302.761143897 1587877303.432078660
[37267.517125] [Project1] 2979 1587877304.175190569 1587877304.852592704
[37268.931852] [Project1] 2980 1587877305.586648326 1587877306.267288734
[37270.342191] [Project1] 2981 1587877307.003371076 1587877307.677596361
[37271.741660] [Project1] 2982 1587877308.409360333 1587877309.077033612
